image_width: 720
image_height: 540
camera_name: cami
camera_matrix:
  rows: 3
  cols: 3
  data: [319.923359889, 0.0, 367.831084349, 0.0, 318.842918709, 282.065497027, 0.0, 0.0, 1.0]
distortion_model: equidistant
distortion_coefficients:
  rows: 1
  cols: 4
  data: [-0.000205348847695, 0.00209361572477, 0.0023473058163, -0.00148384710996]

