image_width: 720
image_height: 540
camera_name: cam0
camera_matrix:
  rows: 3
  cols: 3
  data: [317.985956352, 0.0, 366.358966324, 0.0, 317.116109706, 284.59397669, 0.0, 0.0, 1.0]
distortion_model: equidistant
distortion_coefficients:
  rows: 1
  cols: 4
  data: [-0.000924227525785, 0.0171892149613, -0.0127188318178, 0.00334773537645]

